100
3 3
2 1 2
1 1 1
2 1 2
5 5
2 2 2 2 2
2 1 1 1 2
2 1 2 1 2
2 1 1 1 2
2 2 2 2 2
6 9
1 1 1 1 1 1 1 1 1
1 1 1 1 1 1 1 1 1
2 2 1 2 1 1 2 1 1
1 1 1 1 1 1 1 1 1
1 1 1 1 1 1 1 1 1
1 1 1 1 1 1 1 1 1
4 4
2 2 1 2
1 2 1 1
2 1 2 2
2 2 1 1
3 9
1 1 2 1 1 1 1 1 1
1 2 2 2 2 1 1 1 1
1 2 2 2 1 2 2 1 2
9 5
1 1 1 1 1
1 1 1 1 1
1 1 1 1 1
1 1 2 2 2
1 1 1 1 1
1 1 1 1 1
1 1 2 2 2
1 1 2 2 2
1 1 1 1 1
10 10
2 2 2 2 2 2 2 2 2 2
2 2 2 2 2 2 2 2 2 2
2 2 2 2 2 2 2 2 2 2
2 2 2 2 2 2 2 2 2 2
2 2 2 2 2 2 2 2 2 2
2 2 2 2 2 2 2 2 2 2
2 2 2 2 2 2 2 2 2 2
2 2 2 2 2 2 2 2 2 2
2 2 2 2 2 2 2 2 2 2
2 2 2 2 2 2 2 2 2 2
5 9
2 2 2 2 2 2 2 2 2
2 2 2 2 2 2 2 2 2
2 2 2 1 2 2 2 2 2
2 2 2 2 2 2 2 2 2
2 2 2 2 2 2 2 2 2
9 1
1
1
1
1
1
1
1
1
1
10 10
2 2 2 2 2 2 2 2 2 2
2 2 1 2 2 2 2 2 2 2
2 2 2 2 2 2 2 2 2 2
2 2 2 2 2 2 2 2 2 2
2 2 2 2 2 2 2 2 2 2
2 2 2 2 2 2 2 2 2 2
2 2 2 2 2 2 2 2 2 2
2 2 2 2 2 2 2 2 2 2
2 2 2 2 2 2 2 2 2 2
2 2 2 2 2 2 2 2 2 2
2 5
1 2 2 1 2
1 2 2 1 1
10 10
2 1 2 1 2 2 2 2 2 2
2 2 2 2 2 2 2 2 2 2
2 2 2 2 2 2 2 2 2 2
2 2 2 2 2 2 2 2 2 1
1 2 2 2 2 2 2 2 2 2
2 2 2 2 2 2 2 2 2 2
2 2 2 2 2 2 2 2 2 1
2 1 2 2 2 2 2 1 2 2
2 1 2 2 2 1 2 2 2 2
2 2 2 2 2 2 2 2 2 1
4 3
2 2 2
2 2 2
2 1 2
2 2 2
3 7
1 1 1 1 1 1 1
2 2 1 1 1 2 2
2 2 1 1 1 2 2
3 10
1 1 1 1 1 1 1 1 1 1
2 1 1 2 2 2 1 1 2 1
2 1 1 2 2 2 1 1 2 1
9 10
2 2 2 2 2 2 2 2 2 2
2 2 2 2 2 2 2 2 2 2
2 2 2 2 2 2 2 2 2 2
2 2 2 2 2 2 2 2 2 2
2 2 2 2 2 2 2 2 2 2
2 2 2 2 2 2 2 2 2 2
2 2 2 2 2 2 2 2 2 2
2 2 1 2 2 2 2 2 2 2
2 2 2 2 2 2 2 2 2 2
6 9
1 2 1 1 2 1 1 1 2
1 2 2 1 1 1 2 2 1
2 1 1 1 2 1 1 2 1
2 1 2 2 1 2 1 1 1
1 2 2 1 1 2 2 1 2
2 2 2 1 1 1 2 1 2
3 10
2 1 2 2 2 2 2 2 2 2
1 2 2 2 2 2 2 2 2 2
1 2 2 2 2 1 2 2 2 2
1 5
1 1 2 1 1
9 4
1 1 1 1
2 1 1 1
1 1 1 1
2 1 1 1
1 1 1 1
1 1 1 1
1 1 1 1
2 1 1 1
1 1 1 1
5 9
1 2 1 2 1 2 2 2 2
1 2 2 2 2 2 2 2 2
1 2 2 2 1 2 1 2 1
2 2 1 2 2 2 2 2 2
1 1 1 2 1 2 2 2 1
3 10
2 2 1 2 2 2 2 2 2 2
2 2 2 2 2 2 2 2 2 2
2 2 2 2 2 2 2 2 2 2
3 3
2 2 2
2 1 2
2 2 2
9 2
1 2
2 2
2 2
2 2
2 2
2 2
2 2
2 2
2 2
9 3
2 2 2
2 2 2
2 2 2
2 2 2
2 2 2
2 2 2
2 2 2
2 1 2
2 2 2
9 2
2 1
2 1
1 1
2 1
2 1
1 1
1 1
1 1
1 1
5 9
1 2 2 1 1 2 2 1 2
2 2 2 1 1 2 1 2 2
1 2 2 2 1 2 1 2 2
2 1 2 2 2 1 1 2 1
1 1 1 2 2 2 1 2 1
9 2
2 2
2 2
1 2
1 2
2 2
2 2
1 2
2 1
2 2
1 9
2 2 1 2 2 2 1 2 2
3 3
2 2 2
2 2 1
2 1 2
9 5
2 2 2 2 1
2 2 2 1 2
2 1 2 2 2
2 1 1 2 1
2 2 2 2 2
2 2 2 1 2
2 2 2 1 2
2 2 2 1 2
2 2 2 2 1
9 10
1 1 1 1 1 1 1 1 1 1
1 2 1 1 1 2 1 2 1 1
1 1 1 1 1 1 1 1 1 1
1 1 1 1 1 1 1 1 1 1
1 2 1 1 1 2 1 2 1 1
1 1 1 1 1 1 1 1 1 1
1 2 1 1 1 2 1 2 1 1
1 1 1 1 1 1 1 1 1 1
1 2 1 1 1 2 1 2 1 1
9 6
2 2 2 2 1 2
2 1 2 2 1 2
1 1 1 2 1 2
2 1 2 1 1 2
2 2 2 2 1 2
2 2 2 2 2 1
1 1 1 1 2 1
2 1 2 2 1 1
2 2 1 2 1 1
3 3
1 1 1
2 1 2
1 1 1
10 10
2 1 2 2 2 1 2 2 2 2
2 1 2 2 2 1 2 2 2 2
1 1 1 1 1 1 1 1 1 1
2 1 2 2 2 1 2 2 2 2
2 1 2 2 2 1 2 2 2 2
2 1 2 2 2 1 2 2 2 2
1 1 1 1 1 1 1 1 1 1
1 1 1 1 1 1 1 1 1 1
2 1 2 2 2 1 2 2 2 2
1 1 1 1 1 1 1 1 1 1
10 10
1 1 2 2 2 1 1 2 2 2
1 1 2 2 2 1 1 2 2 2
1 1 1 1 1 1 1 1 1 1
1 1 2 2 2 1 1 2 1 2
1 1 2 2 2 1 1 2 2 2
1 1 1 1 1 1 1 1 1 1
1 1 2 2 2 1 1 2 2 2
1 1 2 2 2 1 1 2 2 2
1 1 2 2 2 1 1 2 2 2
1 1 2 2 2 1 1 2 2 2
1 1
2
5 9
1 1 2 2 1 2 2 2 1
1 1 1 1 1 1 1 1 1
1 1 1 1 1 1 1 1 1
1 1 2 2 1 2 2 2 1
1 1 2 2 1 2 2 2 1
5 2
2 2
2 2
2 1
1 2
2 2
5 1
1
1
1
1
1
4 4
2 1 1 2
2 1 1 2
2 1 1 2
2 1 1 2
4 3
2 2 2
2 2 2
2 2 2
2 1 2
3 6
1 1 2 2 2 2
1 1 1 1 1 1
1 1 1 1 1 1
6 3
2 2 2
2 2 2
2 1 2
2 1 1
1 1 2
2 1 1
6 9
2 2 2 2 2 2 2 1 1
2 2 2 1 2 2 2 2 1
2 2 2 1 2 2 2 2 2
2 1 2 2 2 2 2 2 2
2 2 2 2 1 2 2 1 2
1 2 2 2 2 2 2 2 2
2 8
2 1 2 1 1 2 2 1
2 2 1 1 1 1 1 1
10 10
1 1 1 1 1 1 1 1 1 1
1 1 1 1 1 1 1 1 2 1
1 1 1 1 1 1 1 1 1 1
1 1 1 1 1 1 1 1 1 1
1 1 1 1 1 1 1 1 1 1
1 1 1 1 1 1 1 1 1 1
1 1 1 1 1 1 1 1 1 1
1 1 1 1 1 1 1 1 1 1
1 1 1 1 1 1 1 1 1 1
1 1 1 1 1 1 1 1 1 1
10 10
2 2 2 2 2 2 2 2 2 2
2 2 2 2 2 2 2 2 2 2
2 2 2 2 2 2 2 2 2 2
2 2 2 2 2 1 2 2 2 2
2 2 2 2 2 2 2 2 2 2
2 2 2 2 2 2 2 2 2 2
2 2 2 2 2 2 2 2 2 2
2 2 2 2 2 2 2 2 2 2
2 2 2 2 2 2 2 2 2 2
2 2 2 2 2 2 2 2 2 2
3 6
1 1 1 1 1 1
2 2 2 1 2 1
2 2 2 1 1 1
2 1
1
1
4 9
1 2 2 1 2 1 1 1 2
2 2 2 1 2 2 2 1 1
1 2 1 2 2 2 2 1 1
2 1 2 2 1 1 2 2 1
3 4
1 2 1 2
1 1 1 2
2 2 1 1
8 2
1 1
2 2
2 2
1 1
2 2
2 2
2 2
2 2
4 4
2 2 2 2
2 2 1 2
2 2 2 2
2 2 2 2
5 2
2 2
2 2
2 2
2 1
2 2
4 4
2 2 1 1
1 2 2 2
1 2 1 1
2 2 1 1
2 9
1 1 1 2 2 2 1 2 1
2 2 1 1 1 1 2 1 1
3 7
2 2 2 2 2 2 2
2 2 2 2 2 2 2
2 2 2 2 1 2 2
8 2
2 2
2 2
2 2
2 2
2 2
2 1
2 2
2 2
8 2
2 2
2 2
2 2
1 2
2 2
2 2
2 2
2 2
10 10
1 1 2 1 1 1 1 1 1 1
1 1 1 1 1 1 1 1 1 1
1 1 1 1 1 1 1 1 1 1
1 1 1 1 1 1 1 1 1 1
1 1 1 1 1 1 1 1 1 1
1 1 1 1 1 1 1 1 1 1
1 1 1 1 1 1 1 1 1 1
1 1 1 1 1 1 1 1 1 1
1 1 1 1 1 1 1 1 2 1
1 1 1 1 1 1 1 1 1 1
9 6
2 1 1 2 2 2
2 2 2 2 2 2
1 1 1 1 1 1
2 1 2 1 2 2
1 2 1 1 2 1
1 1 2 1 2 2
2 2 2 1 2 1
2 2 1 1 1 2
1 1 2 1 2 2
10 10
1 1 1 1 1 2 1 1 1 1
1 1 1 1 1 1 1 1 1 1
1 1 1 1 1 1 1 1 1 1
1 1 1 1 1 1 1 1 1 1
1 1 1 1 1 1 1 1 1 1
1 1 1 1 1 1 1 1 1 1
1 1 1 1 1 1 1 1 1 1
1 1 1 1 1 1 1 1 1 1
1 1 1 1 1 1 1 1 1 1
1 1 1 1 1 1 1 1 1 1
9 5
1 1 1 1 2
2 2 1 1 1
1 2 2 2 2
1 1 2 2 2
1 2 1 1 2
2 2 2 2 2
1 2 2 2 1
1 1 1 1 2
1 1 2 2 1
4 3
1 1 2
1 1 1
1 1 2
1 1 2
1 2
1 1
3 7
2 2 2 2 2 2 2
2 2 2 2 2 2 2
2 2 1 2 2 2 2
9 4
2 2 2 1
1 2 1 1
1 1 2 1
2 2 2 1
1 1 1 2
2 1 1 1
2 1 2 1
2 2 1 1
2 1 2 1
10 10
2 2 2 2 2 2 2 2 2 2
2 2 2 2 2 2 2 2 2 1
2 2 2 2 2 2 2 2 2 2
2 2 2 2 2 2 2 2 2 2
2 2 2 2 2 2 2 2 2 2
2 2 2 2 2 2 2 2 2 2
2 1 2 2 2 2 2 2 2 2
2 2 2 2 2 2 2 2 2 2
2 2 2 2 2 2 2 2 2 2
2 2 2 2 2 2 2 2 2 2
1 1
1
9 6
2 2 2 2 2 2
2 1 2 2 2 2
2 2 2 2 2 2
2 2 2 2 2 2
2 2 2 2 2 2
2 2 2 2 2 2
2 2 2 2 2 2
2 2 2 2 2 2
2 2 2 2 2 2
10 10
2 2 2 2 2 2 2 2 2 2
2 2 2 2 2 2 2 2 2 2
2 2 2 2 2 2 2 2 2 2
2 2 2 2 2 2 2 2 2 2
2 2 1 2 2 2 2 2 2 2
2 2 2 2 2 2 2 2 2 2
2 2 2 2 2 2 2 2 2 2
2 2 2 2 2 2 2 2 2 2
2 2 2 2 2 2 2 2 2 2
2 2 2 2 2 2 1 2 2 2
9 6
2 1 1 2 1 1
2 1 1 2 1 1
2 1 1 2 1 1
1 1 1 1 1 1
1 1 1 1 1 1
2 1 1 2 1 1
2 1 1 2 1 1
2 1 1 2 1 1
1 1 1 1 1 1
7 4
2 2 2 2
2 2 2 2
2 2 2 2
2 2 2 2
2 2 1 2
2 2 2 2
2 2 2 2
3 6
1 2 1 1 1 1
2 1 1 2 2 2
2 1 2 2 2 1
10 10
1 2 1 1 2 2 1 2 1 2
1 2 1 1 2 2 1 2 1 2
1 2 1 1 2 2 1 2 1 2
1 2 1 1 2 2 1 2 1 2
1 2 1 1 2 2 1 2 1 2
1 1 1 1 1 1 1 1 1 1
1 2 1 1 2 2 1 2 1 2
1 2 1 1 2 2 1 2 1 2
1 1 1 1 1 1 1 1 1 1
1 1 1 1 1 1 1 1 1 1
10 10
1 1 1 1 1 1 1 1 1 1
1 1 1 1 1 1 1 1 1 1
1 1 1 1 1 1 1 1 1 1
1 1 1 1 1 1 1 1 1 1
1 1 1 1 1 1 1 1 1 1
1 1 1 1 1 1 1 1 1 1
1 1 1 1 1 1 1 1 1 1
1 1 1 1 1 1 1 1 1 2
1 1 1 1 1 1 1 1 1 1
1 1 1 2 1 1 1 1 1 1
10 1
1
1
1
1
1
1
1
1
1
1
9 3
1 1 1
1 1 1
1 1 1
2 2 1
2 2 1
1 1 1
1 1 1
2 2 1
1 1 1
10 10
2 1 1 1 1 1 2 2 1 2
1 1 2 2 2 2 1 1 1 1
2 1 2 2 2 2 1 2 2 1
2 2 2 1 1 2 1 2 2 1
1 2 1 1 1 1 1 1 1 2
1 1 1 2 2 2 2 2 1 1
1 1 1 1 2 1 1 1 2 2
1 2 1 2 1 2 1 2 1 2
1 2 2 2 1 2 1 1 2 2
2 1 1 2 1 2 2 1 1 2
1 10
1 1 1 1 1 1 1 1 1 1
9 10
1 2 1 2 2 2 2 1 2 2
1 1 1 2 1 2 2 1 2 2
2 2 1 2 1 2 2 1 2 1
1 1 1 2 1 1 2 2 2 2
2 1 2 1 2 2 1 1 2 1
1 1 1 2 1 1 2 1 2 2
2 2 2 2 2 2 1 1 2 1
1 1 2 1 2 2 2 2 1 2
2 2 1 1 2 1 2 2 2 1
3 3
1 2 1
1 2 1
1 2 2
4 7
1 2 2 1 2 2 2
2 2 1 1 1 2 2
1 2 1 2 2 1 2
2 1 2 2 1 1 1
7 4
1 1 1 1
1 1 1 1
1 1 1 1
1 1 1 1
2 2 1 1
1 1 1 1
2 2 1 1
9 4
2 2 2 2
2 2 2 2
2 2 2 1
2 2 2 2
2 2 2 2
2 2 2 2
2 2 2 2
2 2 2 2
2 2 2 2
3 4
1 1 1 2
1 2 2 1
1 1 2 2
4 3
2 2 2
2 2 2
2 2 2
1 1 1
4 3
2 1 2
2 2 2
2 2 2
2 2 2
5 2
1 1
1 1
1 1
1 1
1 1
9 5
2 2 2 2 1
2 2 2 2 2
2 2 2 2 2
2 2 2 2 2
2 2 2 2 2
2 2 2 2 2
2 2 2 2 2
2 2 2 2 2
2 2 2 2 2
1 2
1 1
4 3
2 2 1
1 2 2
2 1 2
2 2 1
9 3
1 2 1
1 2 2
2 1 1
2 2 2
2 2 1
1 2 2
2 2 2
2 2 2
2 1 1
10 9
1 2 1 1 2 2 2 2 1
1 1 2 2 1 2 1 1 2
2 2 1 1 2 1 2 1 2
1 1 2 2 2 2 2 1 1
1 1 1 2 1 1 2 2 1
2 2 2 1 2 2 1 1 1
2 1 1 2 1 2 2 2 2
2 2 2 1 1 2 1 2 2
2 2 2 2 2 1 1 1 2
2 2 1 1 2 1 1 1 2
7 4
2 1 2 2
2 2 2 2
2 2 2 2
2 1 2 2
2 2 2 2
2 2 2 2
2 2 2 2
10 3
2 1 1
1 2 1
2 1 2
1 2 1
2 1 1
2 1 1
1 2 2
2 1 1
2 2 1
2 1 1
2 1
1
2
10 10
1 1 1 2 2 2 2 1 1 1
1 2 2 2 2 2 1 1 2 2
2 2 2 1 2 1 1 1 2 1
2 2 1 1 1 1 2 1 2 1
2 1 2 2 2 1 1 2 2 1
2 2 1 1 1 2 2 2 2 2
2 2 2 2 1 1 2 1 1 1
2 2 1 1 1 2 1 2 2 1
2 2 2 2 2 2 2 1 1 2
2 1 1 1 2 2 2 2 1 2
6 9
2 2 2 2 2 2 2 2 2
2 2 2 2 2 2 2 2 2
2 2 2 2 2 2 2 2 1
2 2 2 2 2 2 2 2 2
2 2 2 2 2 2 2 2 2
2 2 2 2 2 2 2 2 2
